alpha = 0.000685606427010
beta = 0.02846209446
p1 = 0.01
p2 = 0.2


